8281068
8103870
7921747
7443923
6997748
7015854
7002104
6954306
6696651
6647314
6624760
6606915
6775994
6509532
6459918
6275508
6137143
5910040
5703305
5498576
5495485
5398378
5437934
5018182
4945791
4935971
4853606
4824261
4814877
4714111
4704411
4673724
4645200
4839502
4591324
4574382
4582637
4447912
4681856
4309702
4313803
4292469
4155587
4129164
4084955
3953195
4257568
3811351
3772148
3757452
3715672
3709145
3703591
3718332
3623002
3594186
3556326
3510639
3510607
3510587
3458677
3415475
3416535
3416258
3416228
3416209
3402447
3349665
3403918
3347084
3347054
3328440
3400415
3368405
3298179
3264072
3232858
3232831
3194904
3189178
3236036
3187469
3187424
3236042
3147706
3156397
3133334
3133302
3133273
3119063
3133184
3119797
3133093
3111991
3067641
3067617
3035299
3035365
3035369
2953689
2937367
2918975
3035292
3035285
2889351
2841640
3035258
2812497
3035240
3035239
3035234
3035220
3035229
3035222
2718504
2704819
2689034
2655497
2614490
2576655
2430366
2227735
1890564
1932770
1794283
2686385
1544339
1347301
1240075
1169522
551561
525680
522202
428478
123701
187521
117417
311118
18905
17314
1460691
179657
178075
197222
204909
196206
208033
334886
