8528123
8497536
8461337
8411920
8407719
8281065
8315694
8288016
8265227
8265222
8209727
8176718
8087989
8063650
8091839
8079986
8088505
8014003
8091618
7953284
7936632
7937380
7916312
7921380
7909077
7967862
7892661
7979654
7894121
7883836
7900173
7873656
7849706
7825325
7823806
7751848
7767971
7758954
7729415
7728183
7729258
7764509
7761672
7714859
7714840
7755780
7760358
7679098
7679095
7698968
7668586
7691483
8116677
7661004
7652343
7603352
7596063
8049490
7725323
7580002
7585518
7650686
7591395
7556507
7530928
7516156
7516147
7511336
7826175
7734402
7494839
7564550
7565306
7551626
7479056
7445748
7656271
7643613
7473080
7427190
7466171
7523725
7407071
7378034
7526823
7497648
7366661
7365800
7549134
7365950
7397029
7343908
7323541
7317106
7314741
7311520
7309624
7315648
7303412
7355492
7334274
7242665
7387148
7277670
7285511
7281544
7206487
7281767
7277857
7181669
7180280
7256012
7179620
7175096
7163026
7163019
7163013
7160387
7380525
7144720
7118192
7214350
7082450
7078163
7056805
7144086
7142865
7143339
7045367
7143001
7042704
7074706
7019068
7000394
7395627
6997735
6989561
7111104
6985746
6986202
6957179
6952675
7362890
6948161
6940296
6995999
6917791
6941894
6884898
6877580
6867878
6856286
6841979
6841976
7250008
6854035
6838630
6856666
6865854
6823416
6920887
6821933
6820958
6817895
6813022
6811429
6787321
6783431
6776772
6904512
6776889
6789908
6761559
6742802
6743090
6854850
6728636
6744281
6783263
6722419
6706697
6706694
6706690
6722938
6702299
6722718
6688271
6691149
6672019
6664520
6662830
6662510
6642558
6624763
6691804
6610308
6591601
6588371
6582537
6703928
6559137
6851574
6543543
6535546
6533385
6531487
6522549
6509521
7650607
6618122
6505444
6491731
6480912
6473136
6500135
6460035
6459864
6681809
6433035
6437269
6585500
6776058
6433849
6424214
6424211
6418233
6423177
6433178
6395870
6395922
6397845
6403205
6414309
6344614
6341658
6412058
6328648
6318373
6318362
6306154
6317114
6310787
6298558
6299484
6295645
6284730
6267812
6256778
6445354
6256623
6256621
6252503
6252331
6235969
6256503
6200003
6199977
6232867
6208641
6209633
6201231
6192338
6191088
6256563
6186353
6256694
6256692
6256675
6204747
6148798
6147131
6151375
6131913
6256449
6256440
6116112
6102995
6174880
6212727
6090647
6089878
6256453
6090031
6081441
6088199
6078989
6033976
6057502
6025918
6019829
6013637
6013605
6007105
6092406
6011815
6007079
5995427
5994023
6022663
6022629
6031243
5981042
5971532
5964661
5960975
5958268
5946036
5946035
5983828
5940956
5940938
5930841
5923113
5920171
5952926
5897796
5893538
5913669
5905368
5877345
5876489
5870977
5865017
5864952
6118326
5861296
5854411
5835745
5823991
5815863
5817063
5809883
5885010
5811506
5801463
5794946
5773745
5773743
5771137
5864184
5756416
5755412
5749712
5749029
5743806
5722313
5721141
5716241
5708258
5722064
5730936
5690329
5694780
5679811
5678879
5673650
5673643
5668536
5658498
5714129
5845750
5638926
5638851
5633605
5624757
5610518
5857411
5635926
5598989
5597764
5622343
5737672
5583489
5583230
5577687
5810503
5571341
5604778
5604773
5604761
5554336
5552033
5543633
5543631
5555705
5532831
5527097
5522931
5522928
5522921
5514686
5533117
5502854
5502846
5554438
5490193
5487053
5479536
5499875
5473269
5473266
5454206
5454203
5449461
5485758
5442460
5440377
5570042
5817195
5411508
5404547
5399256
5430464
5391922
5410841
5384748
5383696
5383900
5383885
5383878
5372332
5370423
5365653
5362203
5797942
5354240
5352709
5347227
5373366
5341023
5373345
5336288
5381568
5347186
5437933
5331499
5331495
5292009
5289999
5286655
5278182
5278170
5270691
5268413
5310272
5256033
5247709
5255920
5255918
5244304
5437925
5397603
5217230
5381555
5249017
5220164
5193363
5180383
5177795
5159585
5192330
5156309
5320707
5128808
5126061
5122679
5064024
5123072
5381565
5137724
5104964
5105115
5105096
5107678
5094094
5322295
5080296
5075078
5073276
5073259
5071532
5066354
5065196
5054325
5054321
5050591
5042515
5037603
5158111
5038252
5025454
5174739
5026441
5024460
5893998
5085987
5072152
5320650
5017227
5012090
5640789
5009968
5007784
5000828
4956460
5315479
4949237
4945802
4945800
4959200
4929522
4929513
4924849
4919419
4919411
4919404
4913425
4911485
4911483
4911478
4911468
5148204
4916380
4901242
4901241
4901240
4901234
4901233
4901232
4901226
4901225
4901220
4893749
4892684
4891641
4891638
4891637
4895104
4886759
4882960
4882954
4882950
4882947
4882945
4882941
4882937
4888284
4888981
4866860
4866846
4866842
4866839
4888882
4859183
4859168
4857242
4878306
4851793
4850854
4850853
4855051
4840208
4841142
4841140
4841132
4841129
4841123
4841242
4856827
4832176
4832174
4832161
4832160
5113845
4826502
4824433
4824272
4824269
4824267
4824266
4824264
4824263
4824262
4824258
4824256
4821854
5071653
4816620
4816617
4814128
4809936
4807241
4807239
4807230
4807228
4807225
4807372
4807514
4796140
4796137
4796132
4796130
4796128
4796124
4796121
4796115
4793288
4791908
4786662
4786657
4786648
4783015
4781885
4860684
4778325
4777767
4777761
4777754
4777744
5801759
4775934
4763178
4765838
4759081
4759079
4759058
4754876
4753510
4752781
4752744
4751330
4751325
4751315
4751314
4752602
4747519
4746626
4742688
4742683
4741004
4740736
4734536
4732350
4732348
4732347
4732343
4732339
4732338
4732335
4732333
4732332
4732324
4730748
4729149
4825418
4722278
4722273
4722272
4722269
4722268
4722262
4722254
4719659
4718594
4905989
4714118
4714114
4714108
4725012
4707488
4706337
4706336
4706334
4776075
4715432
4700564
4700137
4700661
4698389
4698388
4852872
4737169
4687164
4778617
4683243
4683233
4683230
4683221
4675956
4675953
4675948
4675945
4675944
4675943
4675052
4674931
4755523
4669406
4669395
4669394
4697335
4667477
4667468
4667424
4661318
4661312
4661305
4657364
4653889
4653801
4653799
4653786
4653773
4649182
4649179
4972786
4972769
4642778
4735871
4640553
4645215
4645212
4645211
4645207
4645204
4645202
4645197
4645194
4645191
4634907
4632034
4700944
4655564
4678779
4853030
4626616
4626612
4626606
4626857
4619572
4619425
4616193
4616174
4616172
4616170
4616169
4618763
4717159
4609685
4611693
4611689
4611688
4611687
4611681
4608321
4607151
4606834
4604410
4632739
4600297
4599888
4599105
4599102
4599090
4599089
4599084
4599080
4629343
4618293
4593210
4683628
4608238
4593430
4591314
4591313
4591310
4591305
4591303
4796938
4587914
4582590
4582584
4582582
4582571
4582566
4585213
4580588
4578781
4574378
4574371
4574370
4574368
4574206
4607532
4596401
4566190
4566189
4566179
4566178
4566171
4562157
4572618
4559743
4559741
4559733
4559727
4572688
4551878
4551802
4568715
4547698
4543519
4543518
4543516
4543513
4543509
4543508
4543499
4543497
4537597
4536681
4536678
4607517
4541276
4541272
4541269
4527741
4520896
4520890
4520889
4514472
4513164
4505136
4505135
4505130
4505128
4505123
4505122
4505119
4505116
4502227
4522760
4498754
4498124
4498114
4490843
4495219
4567559
4490697
4588618
4490855
4490850
4490846
4490845
4490842
4481286
4481285
4481284
4472907
4472903
4472895
4490391
4481279
4463526
4465626
4460873
4655856
4457066
4457062
4826108
4452888
4494066
4447923
4447922
4447919
4447917
4447916
4447915
4447914
4447913
4447907
4444815
4494045
4444293
4615653
4524158
4440976
4440972
4440967
4440953
4438207
4432353
4432351
4432340
4432324
4432322
4432144
4443643
4511632
4424316
4424314
4424311
4424308
4424303
4424300
4424299
4424293
4424290
4424283
4422320
4554452
4443349
4417702
4417701
4417695
4417692
4417688
4417687
4417686
4417685
4412822
4408347
4408346
4408344
4408338
4408335
4402706
4482086
4400430
4400428
4400426
4400423
4400421
4399054
4392161
4392160
4392159
4392158
4392156
4392154
4392151
4392141
4391916
4417156
4393859
4389277
4384474
4383383
4378268
4384155
4384152
4384145
4384142
4384141
4377027
4370689
4395073
4358972
4357767
4357763
4357757
4357755
4357751
4357750
4357746
4357745
4357744
4357743
4357739
4356779
4358395
4358391
4358382
4358379
4390874
4345345
4342422
4342420
4335343
4335342
4335341
4335339
4335333
4335331
4335327
4335325
4335317
4579464
4338851
4342826
4333668
4333649
4333647
4325807
4324632
4511686
4321836
4322347
4319614
4319598
4325113
4309719
4331810
4319515
4319513
4319511
4319510
4457590
4319618
4319595
4319591
4319588
4319584
4319582
4319575
4322650
4299909
4299896
4299895
4313913
4293149
4292493
4292479
4291564
4350177
4290993
4290986
4290980
4283603
4986459
4276828
4276827
4276824
4276821
4276820
4278535
4291631
4320612
4271175
4271172
4271164
4271160
4271159
4271154
4271153
4271152
4272749
4263834
4263727
4334477
5459376
4256188
4325612
4313284
4249533
4249231
4248872
4272514
4274889
4246169
4246165
4239368
4239364
4239363
4239345
4232414
4241672
4241670
4241664
4241656
4986449
4223452
4223448
4249441
4214299
4214993
4214991
4208336
4208334
4208330
4208328
4208326
4208323
4200160
4200156
4200154
4200153
4200152
4200151
4200148
4199626
4210621
4192389
4192382
4192377
4183885
4183876
4183875
4183873
4187971
4178697
4178675
4178659
4178644
4175216
4175212
4175211
4175208
4175206
4175196
4651443
4177237
4172279
4172277
4172276
4172273
4172270
4172266
4203314
4161751
4161744
4161386
4165912
4155594
4155593
4155586
4152171
4156110
4156109
4165908
4153493
4153489
4153488
4153485
4153484
4156726
4136832
4134206
4132626
4132617
4132616
4125780
4125772
4125768
4538795
4303631
4136011
4135636
4118070
4231636
4110221
4110218
4128107
4120201
4120198
4128115
4102870
4102867
4102865
4127135
4142991
4114107
4110761
4102724
4082004
4081997
4081994
4105556
4068524
4054215
4104916
4073113
4072686
4109377
4085339
4064030
4064023
4103989
4094785
4056300
4056293
4164139
4048246
4047461
4047458
4047452
4047451
4045137
4038895
4038894
4038890
4038888
4038884
4038882
4032123
4031339
4031331
4050266
4079197
4022818
4022814
4022800
4021336
4048454
4040607
4014696
4014691
4014690
4014685
4007992
4007991
4007988
3993269
3999495
3995785
3990756
3990747
4040988
4035937
4007540
3983312
3983310
3983308
3983304
3983296
4051162
3978015
3974939
3974938
3974934
3973561
3968340
3968338
3977354
4022347
3961730
3961727
3961195
4004267
3977278
3953193
3953189
3953185
3971599
3945509
3945502
3945494
3944939
4028982
3958014
3957640
4028888
4131831
3936707
3931371
3931370
3931368
3931356
3971584
4149030
3924380
3924379
3924362
3924360
3923885
3925955
3917866
3916490
3916489
3915882
3937824
3907742
3907731
3907730
3907729
3907721
3942034
3900915
3900910
3900909
3900906
3900901
3900899
3900889
3900885
3904158
3894933
3894286
3894282
3894274
3932018
3893438
4235736
4060947
4030230
3890534
3887049
3886961
3886953
3886940
3914690
3911466
3873615
3890641
3868870
3868868
3868867
3868858
3868855
3897883
3866246
3861437
3861430
3858670
3858298
3853068
3853066
3853063
3853059
3851785
3880215
3869337
3869335
3869333
3869332
3869320
4053972
3837179
3837174
3837170
3828311
3828309
3832224
3820779
3826837
3811525
3811239
3814634
3845640
3813186
3813184
3806779
3798458
3798457
3795220
3794909
3792948
3790099
3790095
3790091
3790081
3811366
3799229
3784790
3784787
3784783
3784782
3784780
3778208
3778203
3778199
3772144
3772141
4235699
3767692
3764406
3764004
3753976
3757294
3787670
3751613
3751612
3751609
3751602
3749206
3748019
3751790
3747143
3744693
3744678
3744671
3869010
3738906
3738900
3738891
3750655
3754566
3751514
3731849
3731841
3731836
3731835
3731831
3719732
3910700
3735070
3735057
3723570
3735182
3762197
3715676
3715670
3709146
3703601
3703600
3703598
3703596
3697524
3696898
3695431
3695430
3695429
3694923
3691203
3645023
3707596
3707595
3707593
3707592
3703283
3716944
3682946
3707581
3965318
3675521
3675512
3675510
3698932
3668016
3668002
3698928
3662823
3672017
3656210
3656206
3656205
3656199
3646047
3642286
3642284
3642251
3623155
3651407
3636542
3636540
3636130
3738161
3630401
3746430
3673622
3624685
3622982
3622977
3616963
3616161
4036059
3623176
3620526
3613582
3610622
3609814
3623005
3622999
3622996
3622985
3622980
3622978
3622955
3602452
3649679
3622971
3622970
3622960
3610235
3596284
3717176
3622351
3593316
3613469
3587925
3583860
3622305
3587939
3587937
3587919
3587917
3577857
3569344
3569322
3570532
3569356
3569339
3566208
3626624
3554023
3569318
3569317
3569286
3559427
3590773
3569359
3590767
3556495
3745799
3569288
3556827
3856870
3595038
3534657
3557214
3551663
3539096
3528712
3569386
3535699
3569387
3569383
3519856
3543383
3521468
3514676
3510636
3510633
3510622
3510619
3510617
3510602
3510596
3510585
3510583
3510582
3510575
3510571
3510563
3510552
3497548
3497547
3497544
3497540
3497532
3497524
3497522
3497521
3497519
3497517
3497515
3497507
3497491
3497485
3497482
3497481
3497478
3497477
3497472
3497470
3497469
3603397
3539863
3528492
3542288
3486847
3486416
3486399
3486391
3486387
3486383
3486373
3486367
3486362
3486358
3486355
3486354
3486344
3486125
3486122
3486117
3486114
3486111
3486092
3486080
3485706
3486910
3534718
3514855
3570807
3533505
3534580
3496567
3458690
3458683
3458657
3458653
3457244
3457230
3457219
3457215
3457210
3457199
3457197
3457186
3491877
3577112
3570800
3570799
3570797
3447821
3517662
3497135
3495685
3469384
3505973
3526173
3532143
3430318
3430308
3426700
3415521
3415514
3415511
3415508
3415506
3415504
3415503
3415492
3415482
3415479
3427373
3521604
3538662
3494270
3416562
3416561
3416559
3416558
3416545
3416519
3416516
3416266
3416254
3416250
3416244
3416241
3416226
3416213
3558957
3558958
3424136
3558969
3516359
3433357
3390384
3902798
3731737
3434751
3434739
3434726
3434724
3434722
3434721
3434719
3393514
3393513
3393489
3393485
3504968
3377700
3370874
3370865
3370864
3370858
3370855
3370850
3370843
3370840
3370628
3370609
3370603
3365025
3362086
3446293
3360680
3387798
3352902
3406963
3349661
3388779
3387797
3387794
3387792
3387789
3387793
3347216
3347210
3347206
3347203
3347200
3347197
3347195
3347193
3347185
3347180
3347172
3347171
3347167
3347163
3347079
3347075
3347058
3387796
3338595
3356629
3350403
3329508
3401512
3322355
3318801
3318496
3318494
3318493
3318487
3318486
3318483
3318479
3318475
3302471
3302469
3302467
3302456
3315566
4036050
3314630
3395874
3308952
3368404
3337245
3378690
3368408
3368407
3368406
3368402
3368400
3368398
3309571
3294872
3294860
3294857
3294856
3294842
3294841
3294838
3294817
3294814
3294791
3294775
3294771
3294768
3294761
3289620
3280448
3306737
3313503
3272952
3272950
3272945
3264089
3264078
3264073
3264068
3368722
3250509
3256675
3256673
3256668
3256645
3256637
3256636
3256602
3256600
3256593
3255634
3368423
3368415
3368421
3368412
3368420
3368419
3368416
3368242
3276265
3245306
3233072
3232905
3232895
3232866
3232864
3232863
3232859
3232855
3232848
3232847
3232845
3232841
3232840
3250189
3235269
3220699
3296467
3219685
3310578
3209231
3209224
3209208
3209198
3209197
3209196
3209193
3209192
3209149
3194927
3194925
3194924
3194916
3194915
3927601
3203180
3227697
3201208
3206475
3191457
3199284
3202245
3236039
3187470
3187465
3187462
3187460
3187459
3187458
3187456
3187454
3187452
3187448
3187427
3187426
3187422
3187421
3187415
3187414
3187413
3187411
3187405
3187387
3187376
3187219
3187208
3187012
3271303
3228905
3236050
3236048
3236046
3236043
3236038
3236037
3189940
3187138
3165704
3165697
3165688
3165685
3165681
3165677
3165664
3165663
3165661
3165653
3165639
3165638
3165535
3165524
3165522
3165515
3165500
3165497
3164680
3164672
3189399
3231932
3231920
3158058
3155540
3169327
3173452
3163572
3150408
3175761
3829197
3187862
3147705
3147703
3147702
3147700
3147699
3147697
3147695
3147683
3147682
3147677
3147672
3147666
3147539
3147532
3147530
3147524
3147520
3147516
3147501
3147492
3147445
3164646
3190959
3158464
3139596
3136466
3146883
3157840
3615170
3191993
3156405
3156401
3133335
3133330
3133325
3133324
3133316
3133299
3133296
3133294
3133293
3133292
3133286
3133282
3133281
3133278
3133268
3133264
3133263
3133255
3133254
3133253
3127722
3127717
3127686
3156407
3156406
3156404
3156403
3156402
3156398
3156396
3156395
3124536
3120828
3141670
3247790
3131351
3223724
3133210
3133203
3133198
3133193
3133192
3133191
3133187
3133140
3133139
3133134
3133128
3133120
3133112
3133110
3133105
3131649
3105029
3160687
3102119
3096633
3096631
3120642
3088116
3133166
3133153
3133148
3133088
3133084
3133083
3133082
3133081
3133072
3133069
3133065
3111998
3111997
3111994
3111992
3111989
3111988
3111987
3111984
3084294
3111983
3080392
3078919
3098183
3133056
3133054
3133053
3133043
3133038
3133036
3133020
3133017
3133015
3122819
3122784
3064580
3193473
4197744
3071791
3072089
3060241
3072090
3072087
3072086
3072082
3072092
3072091
3072085
3072084
3072083
3146290
3109344
3040671
3053259
3072093
3037411
3044671
3055811
3067675
3049409
3027156
3067634
3067632
3067630
3032704
3029772
3013116
3022926
3067593
3035304
3035303
3035301
3028675
3028672
3028869
3021231
3021220
3017870
3035300
3091784
2991359
3091772
3035298
3021241
3021230
3035309
3019831
3019814
3018138
2993542
3090145
3218663
3019962
3019957
3019943
3019938
3019935
3019932
3019928
3019927
3035374
3035368
3035366
2984195
3035371
3008540
3028687
3008529
2947987
3035377
3035375
3035372
2976464
2976442
2976435
2996986
2953701
2932693
2937408
2953705
2953697
2953695
2953675
2928814
2928729
2928727
3035265
3035264
2950503
2950490
2950474
3105692
2914790
2944517
3035272
3035269
3035268
3035267
3035266
2909200
2953693
2937415
2937422
2901330
2900214
2897892
2937395
2937377
2919952
2937363
2897811
3035295
3035294
3035293
3035290
3035289
3035288
3035287
3035286
2900269
2937465
2900268
3091627
2997551
2882325
2916372
2916366
2916379
2878342
3091624
2890560
2897357
2897358
2897342
2897648
2897349
2889118
3541825
2860167
2897665
2864250
2901691
2867830
2901696
2876453
2851736
2867753
3035280
3035279
3035278
3035277
3035275
3035274
3035273
2876505
2876496
2863562
2863560
2863555
2863553
3035281
2876530
2859405
2846917
2833190
2863489
3035255
3035254
2885270
2863482
2828477
2824747
2834635
2849256
2849448
2830990
2815774
2849401
2813482
2838050
3035260
3035259
3035257
3035252
3035251
3035250
3035249
3035248
2809737
2808357
2806823
2832528
2820865
2820864
2818188
3035246
3035245
3035237
3035238
2788695
2791219
2820844
2812958
2810307
2812965
2792184
2812470
3035247
3035244
3035243
3035242
3035236
2768785
2805332
2805327
2764846
2780746
2780778
2830850
2764856
2798241
2786603
2784325
2751442
2764950
2765288
3035228
2768977
3035233
3035232
3035231
3035230
3035227
3035226
3035225
3035221
3035223
2765452
2772503
2772497
2772462
2746127
2737636
2786552
2739866
2772449
2772454
2764437
2907686
2743711
2761278
3035218
3035217
3035215
3035214
3035213
3035210
3035206
2737959
2705793
2718359
2717986
2697382
2699552
2738036
2725507
2743244
2885750
2694482
2700814
2715720
2693142
2680597
2704734
2704730
2718517
2704721
2702500
2694212
2698493
2698400
2698369
2678160
2681909
2669436
2654543
2660063
2687354
2667022
2659715
2652115
2681670
2650404
2668409
2640428
2628731
2663196
2652211
2658671
2615216
2626281
2649000
2648382
2648366
2612966
2612960
2605724
2648205
2627896
2632009
2632007
2621215
2632126
2632077
2632050
2596198
2632106
2615787
2614493
2620821
2686508
2612425
2612421
2612414
2612433
2608844
2593238
2561293
2569948
2556274
2572626
2583620
2567498
2583572
2525819
2576683
2516327
2566207
2593789
2529317
2566221
2453333
2474590
2519540
2459194
2519406
2493263
2438413
2440308
2493269
2443382
2575886
2386152
2575882
2430713
2396677
2650639
2364660
2432079
2336800
2446807
2643945
2443898
2446769
2276687
2291132
2423025
2394924
2394961
2395044
2395036
2330054
2265553
2265139
2293248
2293239
2229662
2650633
2538872
2293198
2293186
2542871
2175527
2779907
2258877
2258862
2134780
2147049
2151091
2258580
2238223
2092393
2223259
2223442
2223680
2222628
2045148
2040198
2223914
2223734
1989137
1978527
1976550
2168669
2168926
1959361
2168715
2075074
1950954
1907315
1899119
1892571
1899501
1951025
1932830
1932822
1876558
1863511
1932680
1820848
1819562
1838518
1838512
1913324
1855882
1855848
1797815
1852416
1855855
1855836
1781351
1716269
1713258
1698947
1855728
1797316
1635206
1797212
1794565
1622870
1622818
1622800
1610100
1595524
1595504
1797351
1698093
1698176
1636279
1569201
1832256
1540077
1540072
1539573
1538717
1524862
7416663
1523251
1544152
1550401
1480403
1482600
5614446
1482938
1458961
1482866
1447445
1557990
1459018
1436024
1424661
1428390
1428132
1393235
1393224
1383491
1681481
1366493
1367237
1325200
1324956
1352255
1352173
1347423
1312362
1343551
1312414
1307078
1287953
1278947
1272972
1272970
1240074
1230933
1216834
1236638
1201578
1194940
1233929
1196056
1182215
1182459
1180510
1166351
7416659
1151758
1151754
1151924
1151835
1142466
1088291
1070361
1065226
1065214
1069646
1069006
1065126
549501
545613
554803
545511
539331
6870993
545514
540001
539801
535678
529098
7416660
523201
528795
522048
522005
519118
517821
521142
521101
545597
518763
516817
509254
451627
444835
470752
470741
419451
397461
374407
368164
368417
356981
373394
337055
403799
262720
275568
262321
201039
208819
208814
193775
193536
187748
403771
403753
166223
166144
164685
403657
154410
153260
154366
153749
151493
149946
143680
142809
298770
141039
139262
137978
130398
137901
137899
137130
135346
130601
137110
129455
135232
126627
123171
186588
123705
117419
117579
95463
59794
99537
55548
55547
55546
55444
311110
31890
95176
31192
30675
97822
113120
110705
102726
86752
101432
111046
4147723
108724
179508
175474
174570
146264
176866
303148
303035
302883
308041
43762
2191368
281308
281055
204594
196176
258289
207539
207461
183217
556928
207135
312481
312340
310386
52258
208211
207832
207802
207246
333550
257753
207192
207091
332831
210822
332637
331313
213299
54475
209088
330860
208704
53766
330452
333475
208479
208429
210278
210225
209738
338836
1135187
211219
210902
214094
214086
212480
211843
340396
304203
211779
311711
386379
214387
397628
320076
345384
345288
344935
326626
326625
326486
217564
327017
1058473
319756
369340
319880
326696
324300
350143
349612
324076
336192
392831
411306
393206
